-122.4332205	37.77748927
-122.4426806	37.79950712
-122.4251848	37.8002544
-122.4044993	37.76466446
-122.4131357	37.7862599
-122.4278443	37.72663589
-122.4244286	37.74584405
-122.4117474	37.78599883
-122.437978		37.78843536
-122.4630828	37.75773634
-122.4387104	37.78359719
-122.4184482	37.75223917
-122.389769		37.73056369
-122.389769		37.73056369
-122.4027956	37.79333328
-122.404323		37.71846904
-122.4643417	37.71522816
-122.4098537	37.78338624
-122.451993		37.77408847
-122.4116151	37.78316141
-122.5100336	37.77230656
-122.5100336	37.77230656
-122.3983295	37.76181538
-122.4220887	37.75035546
-122.4277209	37.7650824
-122.4277209	37.7650824
-122.4208177	37.75448782
-122.418434		37.75141993
-122.4146668	37.71241721
-122.4146668	37.71241721
-122.3977444	37.72993469
-122.3977444	37.72993469
-122.458077		37.78671862
-122.4859393	37.77430794
-122.3843969	37.7325071
-122.4874495	37.75749338
-122.4764409	37.77672282
-122.4010467	37.73991993
-122.4301188	37.7912863
-122.4301188	37.7912863
-122.4075693	37.76057582
-122.397843		37.77821091
-122.4329146	37.78435334
-122.4329146	37.78435334
-122.4057466	37.74477297
-122.3918456	37.77812478
-122.4318099	37.79750148
-122.4038915	37.79871532
-122.5055567	37.73985868
-122.5055567	37.73985868
-122.4080405	37.7864094
-122.4926929	37.78510129
-122.4211483	37.75649776
-122.423094		37.77710772
-122.4040947	37.78725609
-122.4277271	37.77531576
-122.4602905	37.72094512
-122.4530354	37.72269367
-122.4530354	37.72269367
-122.4442765	37.74849651
-122.4034048	37.77542071
-122.4710044	37.73059102
-122.4096674	37.7998692
-122.3933799	37.73170815
-122.4352088	37.73025353
-122.4225365	37.77879588
-122.4416177	37.72537915
-122.3998994	37.78464803
-122.4200883	37.80008096
-122.4200883	37.80008096
-122.39349		37.78289751
-122.4649438	37.77531936
-122.4076335	37.78418935
-122.466733		37.75371459
-122.471489		37.74510895
-122.4205568	37.71089458
-122.4061039	37.79291528
-122.4066827	37.76647561
-122.4750837	37.78052569